3 0.682406 0.297250 0.192063 0.189500
2 0.563594 0.811328 0.217812 0.214531
1 0.186344 0.591391 0.196062 0.194656
3 0.650813 0.630875 0.203375 0.196375
3 0.754297 0.875828 0.198281 0.197719
3 0.624859 0.116141 0.194656 0.193531
1 0.568109 0.458656 0.198781 0.196062
1 0.297547 0.897953 0.219469 0.197844
1 0.107187 0.767266 0.205000 0.204844
0 0.330625 0.132875 0.265625 0.238875
3 0.760938 0.474281 0.197500 0.193563
0 0.484906 0.265813 0.223937 0.226000
3 0.362125 0.510328 0.194875 0.197469
2 0.833328 0.174437 0.209594 0.211375
3 0.853984 0.712156 0.200156 0.195687
