1 0.601609 0.805625 0.194469 0.191250
3 0.632922 0.617437 0.194594 0.188250
3 0.460406 0.542922 0.197688 0.192906
3 0.196141 0.378219 0.196031 0.192938
1 0.446313 0.907547 0.197625 0.184906
4 0.614141 0.242484 0.191406 0.191281
4 0.872141 0.243266 0.196156 0.189719
1 0.823547 0.619062 0.192906 0.191250
3 0.644672 0.427703 0.193094 0.191469
3 0.836844 0.430047 0.194437 0.189906
1 0.794578 0.807187 0.194594 0.191250
1 0.457266 0.350047 0.197656 0.193031
4 0.309797 0.226828 0.194594 0.194469
3 0.144313 0.564047 0.196125 0.194406
