3 0.767062 0.904062 0.192750 0.191875
3 0.405500 0.788953 0.198375 0.197906
1 0.831609 0.660078 0.204281 0.202656
3 0.346672 0.595469 0.220406 0.215937
3 0.451172 0.197656 0.201406 0.202813
3 0.232250 0.876297 0.196750 0.196969
3 0.874172 0.185406 0.198531 0.202688
3 0.226172 0.089328 0.194531 0.178656
3 0.600250 0.591969 0.197625 0.199563
3 0.257188 0.337609 0.194375 0.198969
3 0.137125 0.561125 0.194500 0.201000
3 0.490219 0.432234 0.198937 0.202156
3 0.686562 0.110625 0.198750 0.201875
3 0.589250 0.840328 0.199625 0.200031
2 0.827359 0.459984 0.195906 0.194344
1 0.718187 0.302969 0.199875 0.197187
