1 0.611938 0.198141 0.193625 0.195031
1 0.877375 0.535812 0.194000 0.196000
1 0.694187 0.466953 0.190375 0.192656
1 0.380797 0.222828 0.197156 0.199406
1 0.374000 0.604203 0.197000 0.191594
2 0.517312 0.403703 0.194750 0.198219
1 0.878469 0.729625 0.196188 0.193875
0 0.595141 0.889109 0.229719 0.219469
1 0.262000 0.448547 0.194750 0.195844
2 0.658891 0.664594 0.195969 0.200438
1 0.137172 0.267625 0.198156 0.194750
3 0.778172 0.297359 0.194906 0.193781
1 0.399781 0.796234 0.194812 0.192469
1 0.874063 0.133828 0.193875 0.191531
2 0.158938 0.804547 0.197125 0.195969
