1 0.594906 0.245484 0.197063 0.192844
1 0.834453 0.760266 0.192969 0.180719
1 0.105547 0.118297 0.197031 0.195281
1 0.236562 0.327813 0.199375 0.193750
3 0.743469 0.124609 0.196188 0.192656
3 0.711828 0.394906 0.202594 0.199188
3 0.879844 0.588750 0.200937 0.190625
1 0.429922 0.341375 0.198281 0.197125
3 0.293063 0.149719 0.195125 0.194937
1 0.126469 0.866406 0.197063 0.197188
3 0.582156 0.534797 0.193813 0.193969
1 0.428562 0.644266 0.200375 0.197094
0 0.695000 0.694406 0.221250 0.249437
0 0.241266 0.532641 0.254969 0.239656
1 0.277234 0.755359 0.196156 0.190531
