1 0.478781 0.743984 0.196188 0.191719
4 0.198719 0.178125 0.189438 0.186250
0 0.320828 0.620937 0.207094 0.198125
0 0.618125 0.118172 0.215625 0.218969
0 0.432484 0.303906 0.221281 0.209062
4 0.094953 0.327250 0.186781 0.190500
4 0.774500 0.714500 0.195063 0.191625
3 0.301719 0.813203 0.197187 0.192656
2 0.147969 0.909375 0.191562 0.181250
1 0.468875 0.501578 0.191625 0.190594
1 0.841484 0.534859 0.202656 0.200344
1 0.639938 0.845797 0.198250 0.192844
1 0.634484 0.408484 0.200406 0.193844
1 0.627375 0.600203 0.188375 0.189594
