1 0.157969 0.624922 0.197187 0.187969
2 0.586844 0.632703 0.199437 0.194781
1 0.716063 0.861047 0.193875 0.192719
3 0.099203 0.808484 0.191594 0.192594
1 0.174187 0.291719 0.196000 0.195938
1 0.437297 0.465922 0.200406 0.192469
1 0.772141 0.591297 0.191594 0.194906
1 0.744156 0.248547 0.196063 0.192719
0 0.493922 0.820266 0.235281 0.231781
1 0.588438 0.351109 0.191250 0.191531
0 0.362906 0.659609 0.228562 0.226094
1 0.239656 0.101875 0.192562 0.192500
1 0.294578 0.876234 0.192719 0.193719
1 0.845984 0.413141 0.193906 0.190219
