1 0.382844 0.578984 0.189938 0.192969
3 0.864406 0.398641 0.193062 0.192906
1 0.198484 0.612750 0.191344 0.188250
3 0.750594 0.146891 0.194437 0.194406
0 0.494906 0.756234 0.225813 0.221219
1 0.690156 0.671516 0.195937 0.196156
1 0.135234 0.294313 0.192344 0.191375
1 0.470578 0.226047 0.193031 0.192906
1 0.676141 0.359438 0.196031 0.196125
2 0.269813 0.424531 0.192875 0.191562
1 0.327797 0.872312 0.196219 0.196000
1 0.665953 0.872312 0.197531 0.196000
1 0.871453 0.735078 0.194594 0.194531
0 0.240031 0.125156 0.218062 0.215937
1 0.556922 0.506047 0.196156 0.197719
1 0.150266 0.798562 0.196781 0.196000
