1 0.658422 0.102328 0.202531 0.195969
1 0.291422 0.253719 0.194031 0.196188
1 0.607203 0.860594 0.211219 0.206813
3 0.284250 0.443875 0.197125 0.192750
0 0.700359 0.507578 0.279906 0.278906
1 0.104828 0.522797 0.209656 0.211281
1 0.478156 0.445516 0.199313 0.196031
2 0.108359 0.332141 0.207031 0.200531
0 0.802781 0.264656 0.253812 0.250563
2 0.526672 0.669969 0.213531 0.211188
2 0.192188 0.798922 0.206875 0.205969
3 0.137828 0.140984 0.196219 0.195094
2 0.400906 0.831125 0.208187 0.204750
2 0.784344 0.724344 0.212563 0.211313
1 0.319625 0.639359 0.213625 0.206906
