3 0.743953 0.803922 0.201469 0.195969
2 0.277250 0.900313 0.209250 0.199375
1 0.902828 0.093906 0.194344 0.187812
1 0.153500 0.469453 0.199250 0.198281
1 0.443391 0.782641 0.199469 0.197156
2 0.747781 0.339313 0.211313 0.212375
1 0.906563 0.460719 0.186875 0.189562
0 0.415500 0.288141 0.235250 0.231906
0 0.356656 0.545172 0.254812 0.251594
3 0.714063 0.117125 0.198125 0.195125
1 0.284344 0.106406 0.208188 0.205313
2 0.114797 0.217797 0.220219 0.215656
3 0.228656 0.715672 0.197063 0.191656
1 0.758156 0.586000 0.216813 0.211375
