3 0.783156 0.625781 0.190563 0.192812
1 0.264609 0.384469 0.197031 0.193938
1 0.871109 0.440516 0.196531 0.197281
1 0.166063 0.609953 0.200375 0.196156
1 0.511906 0.100203 0.194937 0.191656
0 0.464594 0.766875 0.202687 0.213750
0 0.256437 0.775094 0.213375 0.188313
1 0.587094 0.910234 0.193562 0.179531
1 0.702531 0.106203 0.188375 0.190531
1 0.748375 0.283734 0.190750 0.190594
1 0.355125 0.584453 0.192875 0.192656
1 0.370391 0.231969 0.188594 0.185188
1 0.497797 0.467359 0.190656 0.187219
3 0.548406 0.286938 0.198187 0.195125
2 0.183984 0.211844 0.197031 0.194938
1 0.681875 0.457453 0.195000 0.191781
3 0.765141 0.854531 0.193781 0.188438
1 0.596438 0.626875 0.198375 0.195000
