1 0.182422 0.654156 0.193906 0.192687
3 0.525547 0.833328 0.193906 0.189469
1 0.629031 0.304391 0.202562 0.199406
0 0.589219 0.591516 0.234063 0.233031
0 0.425328 0.245109 0.233094 0.226469
1 0.883656 0.724875 0.197687 0.197250
0 0.819844 0.178641 0.252187 0.267906
0 0.841562 0.489109 0.270000 0.256969
1 0.377422 0.717234 0.198281 0.195094
1 0.252203 0.861547 0.200594 0.196219
1 0.611078 0.094688 0.197219 0.186250
1 0.429109 0.459625 0.199281 0.196125
4 0.709172 0.800656 0.192906 0.193813
0 0.229797 0.389875 0.238531 0.239750
