2 0.764141 0.119828 0.209219 0.209031
2 0.121734 0.458000 0.212844 0.205875
2 0.463984 0.191172 0.214531 0.216719
1 0.863234 0.299469 0.209156 0.211438
2 0.647016 0.286953 0.205906 0.207969
2 0.816391 0.691062 0.209094 0.212250
1 0.574047 0.693922 0.195031 0.195969
2 0.687859 0.490203 0.206969 0.207094
3 0.165500 0.263547 0.197125 0.193969
1 0.385062 0.736406 0.196125 0.195937
3 0.194422 0.812578 0.198219 0.191719
0 0.574219 0.893969 0.235313 0.212063
2 0.441125 0.541953 0.210250 0.210156
1 0.230375 0.624766 0.200500 0.197031
2 0.340391 0.360594 0.209219 0.211188
1 0.887016 0.508672 0.197844 0.196094
