0 0.391500 0.570797 0.248250 0.252781
3 0.327578 0.196625 0.209219 0.205125
3 0.238484 0.314297 0.194906 0.199219
3 0.694969 0.749969 0.195062 0.199313
3 0.852625 0.638891 0.201000 0.201594
1 0.174859 0.598500 0.195969 0.199250
3 0.779891 0.456984 0.197094 0.197281
0 0.350203 0.420484 0.108969 0.104656
1 0.567422 0.259266 0.201406 0.191656
3 0.460203 0.107734 0.205219 0.199844
2 0.761328 0.258156 0.194844 0.193812
3 0.609891 0.901875 0.209156 0.196250
3 0.573500 0.454719 0.196125 0.194937
3 0.521672 0.733875 0.205219 0.205375
