4 0.808188 0.515141 0.199250 0.195969
4 0.433469 0.287016 0.194938 0.192844
4 0.109906 0.735781 0.192687 0.192813
3 0.463406 0.654156 0.193813 0.192687
4 0.808266 0.888297 0.197219 0.188469
3 0.872031 0.089844 0.189687 0.173437
1 0.598000 0.789656 0.201500 0.200562
3 0.302172 0.522781 0.193781 0.189438
3 0.632359 0.576812 0.189656 0.190500
0 0.691203 0.264594 0.241969 0.239813
1 0.530938 0.123125 0.202500 0.193750
1 0.291953 0.705781 0.184219 0.185313
4 0.212906 0.353438 0.198250 0.195000
4 0.115922 0.546875 0.193781 0.191875
3 0.481422 0.466188 0.197156 0.191750
4 0.769594 0.704688 0.202687 0.198125
4 0.368766 0.868109 0.196219 0.187469
