1 0.513000 0.787016 0.197125 0.192781
1 0.651391 0.261359 0.192844 0.193969
1 0.649125 0.603953 0.190500 0.188531
1 0.880469 0.760266 0.189062 0.191781
1 0.382250 0.412859 0.190500 0.189469
3 0.142656 0.716219 0.188437 0.186188
1 0.843422 0.253172 0.195656 0.195094
1 0.269516 0.566375 0.194031 0.196000
1 0.307094 0.238516 0.192687 0.189531
1 0.564766 0.436250 0.187344 0.190625
2 0.184531 0.899750 0.195938 0.193875
3 0.484156 0.173641 0.191687 0.188344
1 0.751578 0.423219 0.190594 0.192938
1 0.702531 0.794656 0.186187 0.190688
1 0.193250 0.388375 0.194000 0.190750
3 0.202156 0.090625 0.197437 0.181250
3 0.332813 0.740719 0.187500 0.180812
1 0.370312 0.911875 0.181875 0.173125
1 0.458047 0.600750 0.198281 0.197125
