1 0.607187 0.582266 0.193750 0.197031
1 0.415469 0.222687 0.195938 0.197250
3 0.104766 0.466437 0.196094 0.200375
1 0.441656 0.483016 0.196062 0.197281
1 0.584969 0.136063 0.195063 0.191625
3 0.237906 0.153391 0.193562 0.194906
3 0.744641 0.271094 0.199469 0.194688
2 0.787062 0.469531 0.202750 0.200313
1 0.261953 0.359906 0.191719 0.192687
1 0.565859 0.343078 0.193906 0.193844
3 0.092891 0.754375 0.179219 0.195000
2 0.900109 0.630625 0.197906 0.198125
1 0.272781 0.597938 0.198188 0.194000
1 0.445563 0.687297 0.195125 0.191656
1 0.697703 0.773906 0.198344 0.197187
1 0.285344 0.831687 0.194938 0.197250
