0 0.873984 0.586234 0.247656 0.236219
3 0.682563 0.833703 0.200500 0.198219
0 0.607406 0.279469 0.240813 0.233937
1 0.746344 0.133250 0.200437 0.197125
2 0.293375 0.576672 0.197000 0.194781
1 0.273766 0.887453 0.198094 0.193656
3 0.103563 0.619766 0.200375 0.198281
2 0.730156 0.443469 0.197187 0.192563
3 0.465906 0.138313 0.199437 0.196000
1 0.095156 0.824797 0.190312 0.195844
0 0.651047 0.627156 0.227281 0.219313
1 0.145562 0.404828 0.197000 0.195969
1 0.898672 0.302953 0.198281 0.195906
3 0.880031 0.828719 0.199313 0.199438
3 0.425531 0.714359 0.197062 0.196906
1 0.374062 0.402609 0.199375 0.196031
0 0.269813 0.212219 0.237250 0.236313
