0 0.577234 0.576187 0.190531 0.191750
2 0.837109 0.617031 0.198281 0.201563
4 0.660609 0.302281 0.202531 0.201438
1 0.474406 0.353984 0.200563 0.196094
1 0.598594 0.094203 0.195938 0.188406
4 0.688500 0.742875 0.193000 0.193875
1 0.872031 0.410594 0.194063 0.196188
2 0.254844 0.541953 0.192812 0.188594
3 0.281594 0.355625 0.191812 0.195000
1 0.340391 0.744984 0.200469 0.196219
0 0.424297 0.532641 0.169844 0.183031
4 0.702000 0.490656 0.196000 0.190688
3 0.515797 0.807766 0.189656 0.186156
0 0.129844 0.863906 0.253437 0.265937
2 0.833906 0.226125 0.194062 0.186000
