1 0.444750 0.762578 0.194500 0.186719
1 0.486328 0.502906 0.192969 0.194562
0 0.495672 0.133484 0.236969 0.227406
1 0.746672 0.369516 0.196031 0.194656
2 0.174219 0.330313 0.195937 0.194375
1 0.118797 0.579859 0.193844 0.194656
3 0.098453 0.121781 0.196906 0.191437
1 0.716938 0.174297 0.193000 0.189844
3 0.752156 0.560203 0.194437 0.189781
1 0.891797 0.246469 0.194531 0.192937
2 0.856422 0.747609 0.199031 0.194594
1 0.295703 0.186906 0.194531 0.193062
1 0.663609 0.859016 0.192844 0.188219
1 0.591437 0.648750 0.196000 0.197500
1 0.310578 0.577516 0.193031 0.193094
1 0.351375 0.386891 0.196000 0.191281
1 0.233703 0.751609 0.193031 0.193031
