4 0.891375 0.091281 0.190375 0.182563
1 0.342750 0.282219 0.188250 0.192563
1 0.316375 0.775438 0.196000 0.191500
3 0.164406 0.216766 0.194937 0.196031
0 0.534781 0.361750 0.234187 0.235250
1 0.769516 0.568078 0.195969 0.190531
3 0.404781 0.102531 0.189188 0.186938
1 0.586281 0.157359 0.200562 0.195969
0 0.886766 0.735187 0.223969 0.227250
3 0.493813 0.698703 0.199250 0.194906
1 0.145562 0.683625 0.197000 0.196000
1 0.680312 0.736313 0.193750 0.191375
3 0.212766 0.499375 0.194906 0.195000
3 0.405250 0.526062 0.195125 0.194000
0 0.750281 0.374563 0.221938 0.222750
